# slice# index_from index_below freq (GHz)
0 0 199 300.0
1 199 361 300.05
2 361 525 300.1
3 525 688 300.15
4 688 850 300.2
5 850 1014 300.25
6 1014 1176 300.3
7 1176 1339 300.35
8 1339 1501 300.4
9 1501 1665 300.45
10 1665 1827 300.5
11 1827 1990 300.55
12 1990 2152 300.6
13 2152 2316 300.65
14 2316 2478 300.7
15 2478 2641 300.75
16 2641 2805 300.8
17 2805 2967 300.85
18 2967 3130 300.9
19 3130 3293 300.95
20 3293 3456 301.0
21 3456 3618 301.05
22 3618 3781 301.1
23 3781 3943 301.15
24 3943 4106 301.2
25 4106 4269 301.25
26 4269 4432 301.3
27 4432 4595 301.35
28 4595 4758 301.4
29 4758 4920 301.45
30 4920 5084 301.5
31 5084 5247 301.55
32 5247 5409 301.6
33 5409 5571 301.65
34 5571 5734 301.7
35 5734 5897 301.75
36 5897 6059 301.8
37 6059 6222 301.85
38 6222 6385 301.9
39 6385 6547 301.95
40 6547 6710 302.0
41 6710 6873 302.05
42 6873 7036 302.1
43 7036 7198 302.15
44 7198 7361 302.2
45 7361 7524 302.25
46 7524 7687 302.3
47 7687 7850 302.35
48 7850 8013 302.4
49 8013 8175 302.45
50 8175 8339 302.5
51 8339 8502 302.55
52 8502 8665 302.6
53 8665 8828 302.65
54 8828 8990 302.7
55 8990 9152 302.75
56 9152 9315 302.8
57 9315 9478 302.85
58 9478 9641 302.9
59 9641 9803 302.95
60 9803 9967 303.0
61 9967 10130 303.05
62 10130 10292 303.1
63 10292 10455 303.15
64 10455 10618 303.2
65 10618 10780 303.25
66 10780 10943 303.3
67 10943 11106 303.35
68 11106 11269 303.4
69 11269 11432 303.45
70 11432 11595 303.5
71 11595 11758 303.55
72 11758 11920 303.6
73 11920 12084 303.65
74 12084 12246 303.7
75 12246 12409 303.75
76 12409 12573 303.8
77 12573 12735 303.85
78 12735 12898 303.9
79 12898 13060 303.95
80 13060 13223 304.0
81 13223 13385 304.05
82 13385 13548 304.1
83 13548 13711 304.15
84 13711 13873 304.2
85 13873 14036 304.25
86 14036 14199 304.3
87 14199 14362 304.35
88 14362 14525 304.4
89 14525 14688 304.45
90 14688 14851 304.5
91 14851 15013 304.55
92 15013 15176 304.6
93 15176 15339 304.65
94 15339 15502 304.7
95 15502 15664 304.75
96 15664 15828 304.8
97 15828 15990 304.85
98 15990 16153 304.9
99 16153 16315 304.95
100 16315 16477 305.0
101 16477 16640 305.05
102 16640 16803 305.1
103 16803 16966 305.15
104 16966 17129 305.2
105 17129 17291 305.25
106 17291 17455 305.3
107 17455 17617 305.35
108 17617 17780 305.4
109 17780 17943 305.45
110 17943 18106 305.5
111 18106 18268 305.55
112 18268 18431 305.6
113 18431 18593 305.65
114 18593 18756 305.7
115 18756 18918 305.75
116 18918 19081 305.8
117 19081 19243 305.85
118 19243 19406 305.9
119 19406 19569 305.95
120 19569 19732 306.0
121 19732 19895 306.05
122 19895 20058 306.1
123 20058 20221 306.15
124 20221 20384 306.2
125 20384 20546 306.25
126 20546 20709 306.3
127 20709 20872 306.35
128 20872 21035 306.4
129 21035 21197 306.45
130 21197 21361 306.5
131 21361 21523 306.55
132 21523 21686 306.6
133 21686 21848 306.65
134 21848 22011 306.7
135 22011 22173 306.75
136 22173 22336 306.8
137 22336 22499 306.85
138 22499 22662 306.9
139 22662 22824 306.95
140 22824 22986 307.0
141 22986 23149 307.05
142 23149 23312 307.1
143 23312 23475 307.15
144 23475 23638 307.2
145 23638 23801 307.25
146 23801 23963 307.3
147 23963 24127 307.35
148 24127 24289 307.4
149 24289 24452 307.45
150 24452 24616 307.5
151 24616 24778 307.55
152 24778 24941 307.6
153 24941 25104 307.65
154 25104 25267 307.7
155 25267 25429 307.75
156 25429 25592 307.8
157 25592 25754 307.85
158 25754 25917 307.9
159 25917 26079 307.95
160 26079 26242 308.0
161 26242 26405 308.05
162 26405 26567 308.1
163 26567 26730 308.15
164 26730 26893 308.2
165 26893 27056 308.25
166 27056 27219 308.3
167 27219 27382 308.35
168 27382 27545 308.4
169 27545 27708 308.45
170 27708 27871 308.5
171 27871 28034 308.55
172 28034 28196 308.6
173 28196 28359 308.65
174 28359 28521 308.7
175 28521 28684 308.75
176 28684 28846 308.8
177 28846 29009 308.85
178 29009 29172 308.9
179 29172 29335 308.95
180 29335 29498 309.0
181 29498 29661 309.05
182 29661 29823 309.1
183 29823 29987 309.15
184 29987 30150 309.2
185 30150 30312 309.25
186 30312 30474 309.3
187 30474 30638 309.35
188 30638 30800 309.4
189 30800 30963 309.45
190 30963 31125 309.5
191 31125 31288 309.55
192 31288 31450 309.6
193 31450 31613 309.65
194 31613 31776 309.7
195 31776 31938 309.75
196 31938 32101 309.8
197 32101 32264 309.85
198 32264 32427 309.9
199 32427 32590 309.95
200 32590 32752 310.0
201 32752 32915 310.05
202 32915 33077 310.1
203 33077 33239 310.15
204 33239 33402 310.2
205 33402 33565 310.25
206 33565 33728 310.3
207 33728 33890 310.35
208 33890 34053 310.4
209 34053 34217 310.45
210 34217 34379 310.5
211 34379 34542 310.55
212 34542 34706 310.6
213 34706 34868 310.65
214 34868 35031 310.7
215 35031 35194 310.75
216 35194 35357 310.8
217 35357 35519 310.85
218 35519 35682 310.9
219 35682 35844 310.95
220 35844 36006 311.0
221 36006 36169 311.05
222 36169 36333 311.1
223 36333 36495 311.15
224 36495 36658 311.2
225 36658 36820 311.25
226 36820 36983 311.3
227 36983 37146 311.35
228 37146 37309 311.4
229 37309 37472 311.45
230 37472 37635 311.5
231 37635 37797 311.55
232 37797 37960 311.6
233 37960 38122 311.65
234 38122 38285 311.7
235 38285 38447 311.75
236 38447 38611 311.8
237 38611 38773 311.85
238 38773 38936 311.9
239 38936 39099 311.95
240 39099 39262 312.0
241 39262 39425 312.05
242 39425 39587 312.1
243 39587 39751 312.15
244 39751 39913 312.2
245 39913 40076 312.25
246 40076 40239 312.3
247 40239 40402 312.35
248 40402 40565 312.4
249 40565 40728 312.45
250 40728 40890 312.5
251 40890 41053 312.55
252 41053 41215 312.6
253 41215 41378 312.65
254 41378 41541 312.7
255 41541 41704 312.75
256 41704 41866 312.8
257 41866 42030 312.85
258 42030 42192 312.9
259 42192 42355 312.95
260 42355 42519 313.0
261 42519 42681 313.05
262 42681 42844 313.1
263 42844 43007 313.15
264 43007 43170 313.2
265 43170 43332 313.25
266 43332 43495 313.3
267 43495 43657 313.35
268 43657 43820 313.4
269 43820 43983 313.45
270 43983 44145 313.5
271 44145 44309 313.55
272 44309 44471 313.6
273 44471 44634 313.65
274 44634 44798 313.7
275 44798 44960 313.75
276 44960 45123 313.8
277 45123 45286 313.85
278 45286 45449 313.9
279 45449 45611 313.95
280 45611 45774 314.0
281 45774 45937 314.05
282 45937 46099 314.1
283 46099 46261 314.15
284 46261 46424 314.2
285 46424 46587 314.25
286 46587 46750 314.3
287 46750 46913 314.35
288 46913 47076 314.4
289 47076 47239 314.45
290 47239 47401 314.5
291 47401 47564 314.55
292 47564 47726 314.6
293 47726 47889 314.65
294 47889 48052 314.7
295 48052 48214 314.75
296 48214 48377 314.8
297 48377 48540 314.85
298 48540 48702 314.9
299 48702 48866 314.95
300 48866 49029 315.0
301 49029 49191 315.05
302 49191 49355 315.1
303 49355 49517 315.15
304 49517 49680 315.2
305 49680 49844 315.25
306 49844 50006 315.3
307 50006 50169 315.35
308 50169 50332 315.4
309 50332 50495 315.45
310 50495 50657 315.5
311 50657 50820 315.55
312 50820 50982 315.6
313 50982 51145 315.65
314 51145 51307 315.7
315 51307 51470 315.75
316 51470 51633 315.8
317 51633 51795 315.85
318 51795 51959 315.9
319 51959 52122 315.95
320 52122 52284 316.0
321 52284 52448 316.05
322 52448 52610 316.1
323 52610 52772 316.15
324 52772 52935 316.2
325 52935 53098 316.25
326 53098 53260 316.3
327 53260 53423 316.35
328 53423 53586 316.4
329 53586 53748 316.45
330 53748 53911 316.5
331 53911 54074 316.55
332 54074 54237 316.6
333 54237 54400 316.65
334 54400 54563 316.7
335 54563 54726 316.75
336 54726 54888 316.8
337 54888 55051 316.85
338 55051 55214 316.9
339 55214 55376 316.95
340 55376 55539 317.0
341 55539 55702 317.05
342 55702 55865 317.1
343 55865 56028 317.15
344 56028 56190 317.2
345 56190 56354 317.25
346 56354 56516 317.3
347 56516 56679 317.35
348 56679 56842 317.4
349 56842 57005 317.45
350 57005 57168 317.5
351 57168 57331 317.55
352 57331 57494 317.6
353 57494 57657 317.65
354 57657 57822 317.7
355 57822 57984 317.75
356 57984 58147 317.8
357 58147 58310 317.85
358 58310 58472 317.9
359 58472 58635 317.95
360 58635 58799 318.0
361 58799 58962 318.05
362 58962 59124 318.1
363 59124 59288 318.15
364 59288 59450 318.2
365 59450 59613 318.25
366 59613 59775 318.3
367 59775 59938 318.35
368 59938 60100 318.4
369 60100 60262 318.45
370 60262 60425 318.5
371 60425 60588 318.55
372 60588 60751 318.6
373 60751 60913 318.65
374 60913 61076 318.7
375 61076 61239 318.75
376 61239 61402 318.8
377 61402 61565 318.85
378 61565 61727 318.9
379 61727 61890 318.95
380 61890 62053 319.0
381 62053 62215 319.05
382 62215 62378 319.1
383 62378 62540 319.15
384 62540 62703 319.2
385 62703 62866 319.25
386 62866 63028 319.3
387 63028 63191 319.35
388 63191 63353 319.4
389 63353 63516 319.45
390 63516 63678 319.5
391 63678 63841 319.55
392 63841 64004 319.6
393 64004 64166 319.65
394 64166 64329 319.7
395 64329 64492 319.75
396 64492 64655 319.8
397 64655 64818 319.85
398 64818 64980 319.9
399 64980 65143 319.95
400 65143 65305 320.0
401 65305 65468 320.05
402 65468 65630 320.1
403 65630 65793 320.15
404 65793 65955 320.2
405 65955 66118 320.25
406 66118 66280 320.3
407 66280 66443 320.35
408 66443 66605 320.4
409 66605 66768 320.45
410 66768 66931 320.5
411 66931 67094 320.55
412 67094 67256 320.6
413 67256 67418 320.65
414 67418 67581 320.7
415 67581 67743 320.75
416 67743 67905 320.8
417 67905 68068 320.85
418 68068 68231 320.9
419 68231 68393 320.95
420 68393 68556 321.0
421 68556 68719 321.05
422 68719 68882 321.1
423 68882 69044 321.15
424 69044 69207 321.2
425 69207 69369 321.25
426 69369 69531 321.3
427 69531 69694 321.35
428 69694 69856 321.4
429 69856 70019 321.45
430 70019 70182 321.5
431 70182 70344 321.55
432 70344 70508 321.6
433 70508 70670 321.65
434 70670 70833 321.7
435 70833 70995 321.75
436 70995 71158 321.8
437 71158 71320 321.85
438 71320 71483 321.9
439 71483 71645 321.95
440 71645 71809 322.0
441 71809 71971 322.05
442 71971 72133 322.1
443 72133 72297 322.15
444 72297 72459 322.2
445 72459 72622 322.25
446 72622 72785 322.3
447 72785 72948 322.35
448 72948 73111 322.4
449 73111 73274 322.45
450 73274 73438 322.5
451 73438 73601 322.55
452 73601 73764 322.6
453 73764 73927 322.65
454 73927 74090 322.7
455 74090 74253 322.75
456 74253 74416 322.8
457 74416 74579 322.85
458 74579 74742 322.9
459 74742 74905 322.95
460 74905 75067 323.0
461 75067 75230 323.05
462 75230 75393 323.1
463 75393 75556 323.15
464 75556 75719 323.2
465 75719 75882 323.25
466 75882 76044 323.3
467 76044 76208 323.35
468 76208 76371 323.4
469 76371 76533 323.45
470 76533 76697 323.5
471 76697 76860 323.55
472 76860 77022 323.6
473 77022 77184 323.65
474 77184 77347 323.7
475 77347 77509 323.75
476 77509 77671 323.8
477 77671 77834 323.85
478 77834 77997 323.9
479 77997 78160 323.95
480 78160 78322 324.0
481 78322 78485 324.05
482 78485 78648 324.1
483 78648 78810 324.15
484 78810 78973 324.2
485 78973 79135 324.25
486 79135 79298 324.3
487 79298 79461 324.35
488 79461 79624 324.4
489 79624 79787 324.45
490 79787 79949 324.5
491 79949 80112 324.55
492 80112 80275 324.6
493 80275 80438 324.65
494 80438 80601 324.7
495 80601 80763 324.75
496 80763 80926 324.8
497 80926 81089 324.85
498 81089 81252 324.9
499 81252 81415 324.95
500 81415 81578 325.0
501 81578 81741 325.05
502 81741 81903 325.1
503 81903 82066 325.15
504 82066 82229 325.2
505 82229 82392 325.25
506 82392 82554 325.3
507 82554 82717 325.35
508 82717 82879 325.4
509 82879 83042 325.45
510 83042 83204 325.5
511 83204 83367 325.55
512 83367 83530 325.6
513 83530 83693 325.65
514 83693 83856 325.7
515 83856 84019 325.75
516 84019 84181 325.8
517 84181 84345 325.85
518 84345 84507 325.9
519 84507 84670 325.95
520 84670 84833 326.0
521 84833 84996 326.05
522 84996 85159 326.1
523 85159 85322 326.15
524 85322 85485 326.2
525 85485 85647 326.25
526 85647 85811 326.3
527 85811 85973 326.35
528 85973 86136 326.4
529 86136 86300 326.45
530 86300 86462 326.5
531 86462 86625 326.55
532 86625 86788 326.6
533 86788 86951 326.65
534 86951 87113 326.7
535 87113 87276 326.75
536 87276 87438 326.8
537 87438 87601 326.85
538 87601 87763 326.9
539 87763 87926 326.95
540 87926 88089 327.0
541 88089 88251 327.05
542 88251 88414 327.1
543 88414 88577 327.15
544 88577 88740 327.2
545 88740 88903 327.25
546 88903 89065 327.3
547 89065 89228 327.35
548 89228 89391 327.4
549 89391 89553 327.45
550 89553 89716 327.5
551 89716 89879 327.55
552 89879 90041 327.6
553 90041 90204 327.65
554 90204 90367 327.7
555 90367 90530 327.75
556 90530 90692 327.8
557 90692 90855 327.85
558 90855 91018 327.9
559 91018 91180 327.95
560 91180 91344 328.0
561 91344 91507 328.05
562 91507 91670 328.1
563 91670 91834 328.15
564 91834 91996 328.2
565 91996 92159 328.25
566 92159 92321 328.3
567 92321 92484 328.35
568 92484 92646 328.4
569 92646 92809 328.45
570 92809 92972 328.5
571 92972 93134 328.55
572 93134 93297 328.6
573 93297 93460 328.65
574 93460 93623 328.7
575 93623 93786 328.75
576 93786 93948 328.8
577 93948 94112 328.85
578 94112 94274 328.9
579 94274 94437 328.95
580 94437 94601 329.0
581 94601 94763 329.05
582 94763 94926 329.1
583 94926 95088 329.15
584 95088 95251 329.2
585 95251 95413 329.25
586 95413 95576 329.3
587 95576 95739 329.35
588 95739 95902 329.4
589 95902 96065 329.45
590 96065 96228 329.5
591 96228 96390 329.55
592 96390 96553 329.6
593 96553 96716 329.65
594 96716 96879 329.7
595 96879 97042 329.75
596 97042 97204 329.8
597 97204 97368 329.85
598 97368 97530 329.9
599 97530 97693 329.95
600 97693 97856 330.0
601 97856 98019 330.05
602 98019 98182 330.1
603 98182 98344 330.15
604 98344 98508 330.2
605 98508 98671 330.25
606 98671 98833 330.3
607 98833 98996 330.35
608 98996 99159 330.4
609 99159 99322 330.45
610 99322 99485 330.5
611 99485 99648 330.55
612 99648 99811 330.6
613 99811 99973 330.65
614 99973 100137 330.7
615 100137 100299 330.75
616 100299 100462 330.8
617 100462 100626 330.85
618 100626 100789 330.9
619 100789 100952 330.95
620 100952 101115 331.0
621 101115 101278 331.05
622 101278 101440 331.1
623 101440 101603 331.15
624 101603 101765 331.2
625 101765 101929 331.25
626 101929 102091 331.3
627 102091 102254 331.35
628 102254 102417 331.4
629 102417 102580 331.45
630 102580 102742 331.5
631 102742 102906 331.55
632 102906 103068 331.6
633 103068 103231 331.65
634 103231 103394 331.7
635 103394 103557 331.75
636 103557 103720 331.8
637 103720 103882 331.85
638 103882 104045 331.9
639 104045 104208 331.95
640 104208 104371 332.0
641 104371 104534 332.05
642 104534 104696 332.1
643 104696 104859 332.15
644 104859 105022 332.2
645 105022 105185 332.25
646 105185 105347 332.3
647 105347 105510 332.35
648 105510 105673 332.4
649 105673 105836 332.45
650 105836 105999 332.5
651 105999 106161 332.55
652 106161 106324 332.6
653 106324 106486 332.65
654 106486 106649 332.7
655 106649 106812 332.75
656 106812 106975 332.8
657 106975 107138 332.85
658 107138 107300 332.9
659 107300 107463 332.95
660 107463 107626 333.0
661 107626 107788 333.05
662 107788 107952 333.1
663 107952 108115 333.15
664 108115 108277 333.2
665 108277 108441 333.25
666 108441 108603 333.3
667 108603 108766 333.35
668 108766 108930 333.4
669 108930 109092 333.45
670 109092 109255 333.5
671 109255 109418 333.55
672 109418 109581 333.6
673 109581 109744 333.65
674 109744 109908 333.7
675 109908 110070 333.75
676 110070 110233 333.8
677 110233 110395 333.85
678 110395 110558 333.9
679 110558 110720 333.95
680 110720 110883 334.0
681 110883 111046 334.05
682 111046 111208 334.1
683 111208 111371 334.15
684 111371 111533 334.2
685 111533 111697 334.25
686 111697 111859 334.3
687 111859 112022 334.35
688 112022 112184 334.4
689 112184 112347 334.45
690 112347 112510 334.5
691 112510 112672 334.55
692 112672 112836 334.6
693 112836 112998 334.65
694 112998 113161 334.7
695 113161 113324 334.75
696 113324 113487 334.8
697 113487 113650 334.85
698 113650 113812 334.9
699 113812 113975 334.95
700 113975 114137 335.0
701 114137 114301 335.05
702 114301 114463 335.1
703 114463 114625 335.15
704 114625 114789 335.2
705 114789 114952 335.25
706 114952 115114 335.3
707 115114 115276 335.35
708 115276 115439 335.4
709 115439 115602 335.45
710 115602 115765 335.5
711 115765 115927 335.55
712 115927 116090 335.6
713 116090 116253 335.65
714 116253 116416 335.7
715 116416 116579 335.75
716 116579 116742 335.8
717 116742 116904 335.85
718 116904 117068 335.9
719 117068 117230 335.95
720 117230 117393 336.0
721 117393 117555 336.05
722 117555 117718 336.1
723 117718 117880 336.15
724 117880 118042 336.2
725 118042 118206 336.25
726 118206 118368 336.3
727 118368 118531 336.35
728 118531 118693 336.4
729 118693 118857 336.45
730 118857 119020 336.5
731 119020 119182 336.55
732 119182 119345 336.6
733 119345 119507 336.65
734 119507 119670 336.7
735 119670 119832 336.75
736 119832 119995 336.8
737 119995 120158 336.85
738 120158 120321 336.9
739 120321 120483 336.95
740 120483 120647 337.0
741 120647 120809 337.05
742 120809 120972 337.1
743 120972 121134 337.15
744 121134 121297 337.2
745 121297 121459 337.25
746 121459 121622 337.3
747 121622 121784 337.35
748 121784 121947 337.4
749 121947 122110 337.45
750 122110 122272 337.5
751 122272 122436 337.55
752 122436 122598 337.6
753 122598 122761 337.65
754 122761 122923 337.7
755 122923 123086 337.75
756 123086 123248 337.8
757 123248 123411 337.85
758 123411 123574 337.9
759 123574 123737 337.95
760 123737 123899 338.0
761 123899 124061 338.05
762 124061 124225 338.1
763 124225 124387 338.15
764 124387 124550 338.2
765 124550 124713 338.25
766 124713 124876 338.3
767 124876 125038 338.35
768 125038 125202 338.4
769 125202 125364 338.45
770 125364 125527 338.5
771 125527 125691 338.55
772 125691 125853 338.6
773 125853 126016 338.65
774 126016 126180 338.7
775 126180 126342 338.75
776 126342 126505 338.8
777 126505 126667 338.85
778 126667 126830 338.9
779 126830 126992 338.95
780 126992 127155 339.0
781 127155 127318 339.05
782 127318 127481 339.1
783 127481 127643 339.15
784 127643 127806 339.2
785 127806 127969 339.25
786 127969 128133 339.3
787 128133 128295 339.35
788 128295 128458 339.4
789 128458 128621 339.45
790 128621 128784 339.5
791 128784 128946 339.55
792 128946 129109 339.6
793 129109 129272 339.65
794 129272 129434 339.7
795 129434 129597 339.75
796 129597 129761 339.8
797 129761 129923 339.85
798 129923 130086 339.9
799 130086 130249 339.95
800 130249 130412 340.0
801 130412 130574 340.05
802 130574 130738 340.1
803 130738 130900 340.15
804 130900 131063 340.2
805 131063 131227 340.25
806 131227 131389 340.3
807 131389 131551 340.35
808 131551 131714 340.4
809 131714 131877 340.45
810 131877 132039 340.5
811 132039 132202 340.55
812 132202 132365 340.6
813 132365 132527 340.65
814 132527 132690 340.7
815 132690 132852 340.75
816 132852 133016 340.8
817 133016 133178 340.85
818 133178 133341 340.9
819 133341 133504 340.95
820 133504 133666 341.0
821 133666 133829 341.05
822 133829 133993 341.1
823 133993 134155 341.15
824 134155 134318 341.2
825 134318 134480 341.25
826 134480 134643 341.3
827 134643 134805 341.35
828 134805 134968 341.4
829 134968 135131 341.45
830 135131 135293 341.5
831 135293 135456 341.55
832 135456 135619 341.6
833 135619 135782 341.65
834 135782 135945 341.7
835 135945 136108 341.75
836 136108 136270 341.8
837 136270 136433 341.85
838 136433 136596 341.9
839 136596 136758 341.95
840 136758 136921 342.0
841 136921 137084 342.05
842 137084 137246 342.1
843 137246 137410 342.15
844 137410 137573 342.2
845 137573 137735 342.25
846 137735 137898 342.3
847 137898 138061 342.35
848 138061 138224 342.4
849 138224 138387 342.45
850 138387 138550 342.5
851 138550 138713 342.55
852 138713 138875 342.6
853 138875 139038 342.65
854 139038 139201 342.7
855 139201 139363 342.75
856 139363 139526 342.8
857 139526 139689 342.85
858 139689 139851 342.9
859 139851 140014 342.95
860 140014 140176 343.0
861 140176 140340 343.05
862 140340 140502 343.1
863 140502 140665 343.15
864 140665 140828 343.2
865 140828 140991 343.25
866 140991 141153 343.3
867 141153 141317 343.35
868 141317 141479 343.4
869 141479 141642 343.45
870 141642 141806 343.5
871 141806 141968 343.55
872 141968 142131 343.6
873 142131 142294 343.65
874 142294 142456 343.7
875 142456 142619 343.75
876 142619 142781 343.8
877 142781 142945 343.85
878 142945 143107 343.9
879 143107 143270 343.95
880 143270 143432 344.0
881 143432 143595 344.05
882 143595 143758 344.1
883 143758 143921 344.15
884 143921 144084 344.2
885 144084 144246 344.25
886 144246 144409 344.3
887 144409 144571 344.35
888 144571 144733 344.4
889 144733 144896 344.45
890 144896 145059 344.5
891 145059 145222 344.55
892 145222 145385 344.6
893 145385 145548 344.65
894 145548 145711 344.7
895 145711 145874 344.75
896 145874 146036 344.8
897 146036 146199 344.85
898 146199 146362 344.9
899 146362 146525 344.95
900 146525 146688 345.0
901 146688 146851 345.05
902 146851 147013 345.1
903 147013 147176 345.15
904 147176 147339 345.2
905 147339 147501 345.25
906 147501 147664 345.3
907 147664 147827 345.35
908 147827 147989 345.4
909 147989 148152 345.45
910 148152 148315 345.5
911 148315 148478 345.55
912 148478 148640 345.6
913 148640 148803 345.65
914 148803 148966 345.7
915 148966 149128 345.75
916 149128 149291 345.8
917 149291 149453 345.85
918 149453 149616 345.9
919 149616 149779 345.95
920 149779 149941 346.0
921 149941 150105 346.05
922 150105 150267 346.1
923 150267 150430 346.15
924 150430 150593 346.2
925 150593 150755 346.25
926 150755 150918 346.3
927 150918 151081 346.35
928 151081 151243 346.4
929 151243 151406 346.45
930 151406 151569 346.5
931 151569 151732 346.55
932 151732 151895 346.6
933 151895 152057 346.65
934 152057 152220 346.7
935 152220 152383 346.75
936 152383 152545 346.8
937 152545 152708 346.85
938 152708 152872 346.9
939 152872 153034 346.95
940 153034 153197 347.0
941 153197 153360 347.05
942 153360 153523 347.1
943 153523 153685 347.15
944 153685 153849 347.2
945 153849 154012 347.25
946 154012 154174 347.3
947 154174 154337 347.35
948 154337 154500 347.4
949 154500 154663 347.45
950 154663 154825 347.5
951 154825 154987 347.55
952 154987 155150 347.6
953 155150 155312 347.65
954 155312 155475 347.7
955 155475 155638 347.75
956 155638 155802 347.8
957 155802 155964 347.85
958 155964 156128 347.9
959 156128 156290 347.95
960 156290 156453 348.0
961 156453 156616 348.05
962 156616 156779 348.1
963 156779 156941 348.15
964 156941 157105 348.2
965 157105 157268 348.25
966 157268 157430 348.3
967 157430 157592 348.35
968 157592 157755 348.4
969 157755 157918 348.45
970 157918 158080 348.5
971 158080 158243 348.55
972 158243 158406 348.6
973 158406 158568 348.65
974 158568 158731 348.7
975 158731 158894 348.75
976 158894 159057 348.8
977 159057 159219 348.85
978 159219 159382 348.9
979 159382 159545 348.95
980 159545 159707 349.0
981 159707 159870 349.05
982 159870 160032 349.1
983 160032 160196 349.15
984 160196 160358 349.2
985 160358 160521 349.25
986 160521 160684 349.3
987 160684 160847 349.35
988 160847 161009 349.4
989 161009 161173 349.45
990 161173 161335 349.5
991 161335 161498 349.55
992 161498 161661 349.6
993 161661 161824 349.65
994 161824 161987 349.7
995 161987 162150 349.75
996 162150 162312 349.8
997 162312 162475 349.85
998 162475 162637 349.9
999 162637 162800 349.95
1000 162800 162963 350.0
1001 162963 163125 350.05
1002 163125 163288 350.1
1003 163288 163451 350.15
1004 163451 163614 350.2
1005 163614 163776 350.25
1006 163776 163940 350.3
1007 163940 164102 350.35
1008 164102 164265 350.4
1009 164265 164427 350.45
1010 164427 164590 350.5
1011 164590 164753 350.55
1012 164753 164915 350.6
1013 164915 165079 350.65
1014 165079 165242 350.7
1015 165242 165404 350.75
1016 165404 165567 350.8
1017 165567 165730 350.85
1018 165730 165893 350.9
1019 165893 166056 350.95
1020 166056 166219 351.0
1021 166219 166382 351.05
1022 166382 166544 351.1
1023 166544 166707 351.15
1024 166707 166870 351.2
1025 166870 167033 351.25
1026 167033 167195 351.3
1027 167195 167358 351.35
1028 167358 167521 351.4
1029 167521 167684 351.45
1030 167684 167846 351.5
1031 167846 168011 351.55
1032 168011 168173 351.6
1033 168173 168336 351.65
1034 168336 168498 351.7
1035 168498 168660 351.75
1036 168660 168822 351.8
1037 168822 168985 351.85
1038 168985 169147 351.9
1039 169147 169310 351.95
1040 169310 169473 352.0
1041 169473 169635 352.05
1042 169635 169798 352.1
1043 169798 169961 352.15
1044 169961 170123 352.2
1045 170123 170287 352.25
1046 170287 170449 352.3
1047 170449 170612 352.35
1048 170612 170775 352.4
1049 170775 170938 352.45
1050 170938 171100 352.5
1051 171100 171264 352.55
1052 171264 171426 352.6
1053 171426 171589 352.65
1054 171589 171751 352.7
1055 171751 171914 352.75
1056 171914 172077 352.8
1057 172077 172239 352.85
1058 172239 172402 352.9
1059 172402 172565 352.95
1060 172565 172728 353.0
1061 172728 172890 353.05
1062 172890 173053 353.1
1063 173053 173216 353.15
1064 173216 173378 353.2
1065 173378 173542 353.25
1066 173542 173704 353.3
1067 173704 173866 353.35
1068 173866 174029 353.4
1069 174029 174192 353.45
1070 174192 174355 353.5
1071 174355 174517 353.55
1072 174517 174680 353.6
1073 174680 174843 353.65
1074 174843 175006 353.7
1075 175006 175168 353.75
1076 175168 175332 353.8
1077 175332 175495 353.85
1078 175495 175658 353.9
1079 175658 175822 353.95
1080 175822 175985 354.0
1081 175985 176147 354.05
1082 176147 176311 354.1
1083 176311 176473 354.15
1084 176473 176636 354.2
1085 176636 176799 354.25
1086 176799 176962 354.3
1087 176962 177124 354.35
1088 177124 177287 354.4
1089 177287 177449 354.45
1090 177449 177613 354.5
1091 177613 177776 354.55
1092 177776 177938 354.6
1093 177938 178102 354.65
1094 178102 178265 354.7
1095 178265 178427 354.75
1096 178427 178591 354.8
1097 178591 178754 354.85
1098 178754 178916 354.9
1099 178916 179080 354.95
1100 179080 179242 355.0
1101 179242 179405 355.05
1102 179405 179568 355.1
1103 179568 179731 355.15
1104 179731 179893 355.2
1105 179893 180056 355.25
1106 180056 180218 355.3
1107 180218 180381 355.35
1108 180381 180543 355.4
1109 180543 180707 355.45
1110 180707 180870 355.5
1111 180870 181032 355.55
1112 181032 181195 355.6
1113 181195 181358 355.65
1114 181358 181520 355.7
1115 181520 181683 355.75
1116 181683 181846 355.8
1117 181846 182008 355.85
1118 182008 182171 355.9
1119 182171 182334 355.95
1120 182334 182497 356.0
1121 182497 182659 356.05
1122 182659 182823 356.1
1123 182823 182986 356.15
1124 182986 183148 356.2
1125 183148 183311 356.25
1126 183311 183473 356.3
1127 183473 183637 356.35
1128 183637 183800 356.4
1129 183800 183962 356.45
1130 183962 184125 356.5
1131 184125 184288 356.55
1132 184288 184450 356.6
1133 184450 184613 356.65
1134 184613 184775 356.7
1135 184775 184938 356.75
1136 184938 185100 356.8
1137 185100 185263 356.85
1138 185263 185426 356.9
1139 185426 185589 356.95
1140 185589 185751 357.0
1141 185751 185914 357.05
1142 185914 186077 357.1
1143 186077 186240 357.15
1144 186240 186402 357.2
1145 186402 186565 357.25
1146 186565 186727 357.3
1147 186727 186890 357.35
1148 186890 187053 357.4
1149 187053 187215 357.45
1150 187215 187378 357.5
1151 187378 187540 357.55
1152 187540 187704 357.6
1153 187704 187866 357.65
1154 187866 188029 357.7
1155 188029 188192 357.75
1156 188192 188355 357.8
1157 188355 188518 357.85
1158 188518 188681 357.9
1159 188681 188844 357.95
1160 188844 189006 358.0
1161 189006 189170 358.05
1162 189170 189332 358.1
1163 189332 189495 358.15
1164 189495 189658 358.2
1165 189658 189821 358.25
1166 189821 189984 358.3
1167 189984 190147 358.35
1168 190147 190309 358.4
1169 190309 190472 358.45
1170 190472 190634 358.5
1171 190634 190797 358.55
1172 190797 190960 358.6
1173 190960 191123 358.65
1174 191123 191286 358.7
1175 191286 191448 358.75
1176 191448 191611 358.8
1177 191611 191773 358.85
1178 191773 191937 358.9
1179 191937 192099 358.95
1180 192099 192262 359.0
1181 192262 192424 359.05
1182 192424 192587 359.1
1183 192587 192750 359.15
1184 192750 192913 359.2
1185 192913 193076 359.25
1186 193076 193239 359.3
1187 193239 193401 359.35
1188 193401 193564 359.4
1189 193564 193727 359.45
1190 193727 193890 359.5
1191 193890 194052 359.55
1192 194052 194215 359.6
1193 194215 194378 359.65
1194 194378 194540 359.7
1195 194540 194703 359.75
1196 194703 194866 359.8
1197 194866 195028 359.85
1198 195028 195191 359.9
1199 195191 195354 359.95
1200 195354 195516 360.0
1201 195516 195679 360.05
1202 195679 195842 360.1
1203 195842 196005 360.15
1204 196005 196167 360.2
1205 196167 196330 360.25
1206 196330 196493 360.3
1207 196493 196655 360.35
1208 196655 196818 360.4
1209 196818 196981 360.45
1210 196981 197144 360.5
1211 197144 197306 360.55
1212 197306 197470 360.6
1213 197470 197632 360.65
1214 197632 197795 360.7
1215 197795 197957 360.75
1216 197957 198120 360.8
1217 198120 198283 360.85
1218 198283 198445 360.9
1219 198445 198609 360.95
1220 198609 198771 361.0
1221 198771 198934 361.05
1222 198934 199096 361.1
1223 199096 199260 361.15
1224 199260 199422 361.2
1225 199422 199584 361.25
1226 199584 199747 361.3
1227 199747 199910 361.35
1228 199910 200073 361.4
1229 200073 200235 361.45
1230 200235 200398 361.5
1231 200398 200560 361.55
1232 200560 200723 361.6
1233 200723 200885 361.65
1234 200885 201048 361.7
1235 201048 201211 361.75
1236 201211 201373 361.8
1237 201373 201537 361.85
1238 201537 201699 361.9
1239 201699 201862 361.95
1240 201862 202025 362.0
1241 202025 202188 362.05
1242 202188 202350 362.1
1243 202350 202513 362.15
1244 202513 202676 362.2
1245 202676 202838 362.25
1246 202838 203001 362.3
1247 203001 203164 362.35
1248 203164 203327 362.4
1249 203327 203489 362.45
1250 203489 203653 362.5
1251 203653 203815 362.55
1252 203815 203978 362.6
1253 203978 204140 362.65
1254 204140 204303 362.7
1255 204303 204466 362.75
1256 204466 204629 362.8
1257 204629 204792 362.85
1258 204792 204955 362.9
1259 204955 205117 362.95
1260 205117 205281 363.0
1261 205281 205443 363.05
1262 205443 205606 363.1
1263 205606 205768 363.15
1264 205768 205931 363.2
1265 205931 206093 363.25
1266 206093 206256 363.3
1267 206256 206419 363.35
1268 206419 206582 363.4
1269 206582 206744 363.45
1270 206744 206907 363.5
1271 206907 207070 363.55
1272 207070 207233 363.6
1273 207233 207395 363.65
1274 207395 207559 363.7
1275 207559 207722 363.75
1276 207722 207884 363.8
1277 207884 208048 363.85
1278 208048 208210 363.9
1279 208210 208373 363.95
1280 208373 208535 364.0
1281 208535 208698 364.05
1282 208698 208861 364.1
1283 208861 209023 364.15
1284 209023 209186 364.2
1285 209186 209349 364.25
1286 209349 209512 364.3
1287 209512 209675 364.35
1288 209675 209838 364.4
1289 209838 210001 364.45
1290 210001 210164 364.5
1291 210164 210327 364.55
1292 210327 210490 364.6
1293 210490 210653 364.65
1294 210653 210816 364.7
1295 210816 210980 364.75
1296 210980 211142 364.8
1297 211142 211306 364.85
1298 211306 211469 364.9
1299 211469 211631 364.95
1300 211631 211794 365.0
1301 211794 211957 365.05
1302 211957 212119 365.1
1303 212119 212282 365.15
1304 212282 212444 365.2
1305 212444 212607 365.25
1306 212607 212770 365.3
1307 212770 212933 365.35
1308 212933 213095 365.4
1309 213095 213258 365.45
1310 213258 213421 365.5
1311 213421 213584 365.55
1312 213584 213746 365.6
1313 213746 213909 365.65
1314 213909 214072 365.7
1315 214072 214235 365.75
1316 214235 214398 365.8
1317 214398 214560 365.85
1318 214560 214723 365.9
1319 214723 214886 365.95
1320 214886 215048 366.0
1321 215048 215212 366.05
1322 215212 215374 366.1
1323 215374 215537 366.15
1324 215537 215700 366.2
1325 215700 215863 366.25
1326 215863 216025 366.3
1327 216025 216187 366.35
1328 216187 216351 366.4
1329 216351 216513 366.45
1330 216513 216676 366.5
1331 216676 216838 366.55
1332 216838 217000 366.6
1333 217000 217163 366.65
1334 217163 217326 366.7
1335 217326 217489 366.75
1336 217489 217651 366.8
1337 217651 217814 366.85
1338 217814 217977 366.9
1339 217977 218140 366.95
1340 218140 218303 367.0
1341 218303 218465 367.05
1342 218465 218628 367.1
1343 218628 218790 367.15
1344 218790 218953 367.2
1345 218953 219115 367.25
1346 219115 219277 367.3
1347 219277 219440 367.35
1348 219440 219603 367.4
1349 219603 219766 367.45
1350 219766 219929 367.5
1351 219929 220092 367.55
1352 220092 220255 367.6
1353 220255 220419 367.65
1354 220419 220582 367.7
1355 220582 220744 367.75
1356 220744 220908 367.8
1357 220908 221070 367.85
1358 221070 221233 367.9
1359 221233 221396 367.95
1360 221396 221559 368.0
1361 221559 221721 368.05
1362 221721 221885 368.1
1363 221885 222048 368.15
1364 222048 222210 368.2
1365 222210 222374 368.25
1366 222374 222536 368.3
1367 222536 222699 368.35
1368 222699 222863 368.4
1369 222863 223026 368.45
1370 223026 223188 368.5
1371 223188 223351 368.55
1372 223351 223514 368.6
1373 223514 223676 368.65
1374 223676 223839 368.7
1375 223839 224001 368.75
1376 224001 224165 368.8
1377 224165 224327 368.85
1378 224327 224490 368.9
1379 224490 224653 368.95
1380 224653 224816 369.0
1381 224816 224979 369.05
1382 224979 225143 369.1
1383 225143 225305 369.15
1384 225305 225468 369.2
1385 225468 225631 369.25
1386 225631 225794 369.3
1387 225794 225957 369.35
1388 225957 226120 369.4
1389 226120 226282 369.45
1390 226282 226445 369.5
1391 226445 226607 369.55
1392 226607 226770 369.6
1393 226770 226933 369.65
1394 226933 227096 369.7
1395 227096 227258 369.75
1396 227258 227421 369.8
1397 227421 227584 369.85
1398 227584 227747 369.9
1399 227747 227910 369.95
1400 227910 228072 370.0
1401 228072 228235 370.05
1402 228235 228398 370.1
1403 228398 228561 370.15
1404 228561 228723 370.2
1405 228723 228887 370.25
1406 228887 229049 370.3
1407 229049 229213 370.35
1408 229213 229376 370.4
1409 229376 229539 370.45
1410 229539 229701 370.5
1411 229701 229865 370.55
1412 229865 230027 370.6
1413 230027 230190 370.65
1414 230190 230353 370.7
1415 230353 230516 370.75
1416 230516 230679 370.8
1417 230679 230842 370.85
1418 230842 231005 370.9
1419 231005 231167 370.95
1420 231167 231330 371.0
1421 231330 231493 371.05
1422 231493 231655 371.1
1423 231655 231819 371.15
1424 231819 231982 371.2
1425 231982 232144 371.25
1426 232144 232307 371.3
1427 232307 232471 371.35
1428 232471 232633 371.4
1429 232633 232796 371.45
1430 232796 232959 371.5
1431 232959 233122 371.55
1432 233122 233285 371.6
1433 233285 233447 371.65
1434 233447 233611 371.7
1435 233611 233773 371.75
1436 233773 233935 371.8
1437 233935 234099 371.85
1438 234099 234262 371.9
1439 234262 234425 371.95
1440 234425 234588 372.0
1441 234588 234751 372.05
1442 234751 234914 372.1
1443 234914 235077 372.15
1444 235077 235240 372.2
1445 235240 235402 372.25
1446 235402 235566 372.3
1447 235566 235729 372.35
1448 235729 235891 372.4
1449 235891 236055 372.45
1450 236055 236217 372.5
1451 236217 236380 372.55
1452 236380 236543 372.6
1453 236543 236706 372.65
1454 236706 236868 372.7
1455 236868 237032 372.75
1456 237032 237195 372.8
1457 237195 237357 372.85
1458 237357 237520 372.9
1459 237520 237683 372.95
1460 237683 237846 373.0
1461 237846 238008 373.05
1462 238008 238172 373.1
1463 238172 238334 373.15
1464 238334 238497 373.2
1465 238497 238660 373.25
1466 238660 238823 373.3
1467 238823 238985 373.35
1468 238985 239149 373.4
1469 239149 239311 373.45
1470 239311 239474 373.5
1471 239474 239637 373.55
1472 239637 239800 373.6
1473 239800 239963 373.65
1474 239963 240126 373.7
1475 240126 240289 373.75
1476 240289 240451 373.8
1477 240451 240614 373.85
1478 240614 240777 373.9
1479 240777 240939 373.95
1480 240939 241102 374.0
1481 241102 241265 374.05
1482 241265 241428 374.1
1483 241428 241590 374.15
1484 241590 241754 374.2
1485 241754 241916 374.25
1486 241916 242079 374.3
1487 242079 242242 374.35
1488 242242 242404 374.4
1489 242404 242567 374.45
1490 242567 242730 374.5
1491 242730 242892 374.55
1492 242892 243055 374.6
1493 243055 243217 374.65
1494 243217 243381 374.7
1495 243381 243543 374.75
1496 243543 243706 374.8
1497 243706 243868 374.85
1498 243868 244031 374.9
1499 244031 244194 374.95
1500 244194 244357 375.0
1501 244357 244519 375.05
1502 244519 244682 375.1
1503 244682 244845 375.15
1504 244845 245007 375.2
1505 245007 245171 375.25
1506 245171 245334 375.3
1507 245334 245496 375.35
1508 245496 245659 375.4
1509 245659 245822 375.45
1510 245822 245984 375.5
1511 245984 246147 375.55
1512 246147 246309 375.6
1513 246309 246472 375.65
1514 246472 246634 375.7
1515 246634 246797 375.75
1516 246797 246960 375.8
1517 246960 247123 375.85
1518 247123 247286 375.9
1519 247286 247448 375.95
1520 247448 247612 376.0
1521 247612 247774 376.05
1522 247774 247937 376.1
1523 247937 248100 376.15
1524 248100 248263 376.2
1525 248263 248426 376.25
1526 248426 248589 376.3
1527 248589 248752 376.35
1528 248752 248914 376.4
1529 248914 249077 376.45
1530 249077 249240 376.5
1531 249240 249402 376.55
1532 249402 249565 376.6
1533 249565 249728 376.65
1534 249728 249890 376.7
1535 249890 250053 376.75
1536 250053 250216 376.8
1537 250216 250379 376.85
1538 250379 250541 376.9
1539 250541 250704 376.95
1540 250704 250867 377.0
1541 250867 251030 377.05
1542 251030 251192 377.1
1543 251192 251356 377.15
1544 251356 251518 377.2
1545 251518 251681 377.25
1546 251681 251845 377.3
1547 251845 252007 377.35
1548 252007 252170 377.4
1549 252170 252334 377.45
1550 252334 252496 377.5
1551 252496 252659 377.55
1552 252659 252821 377.6
1553 252821 252984 377.65
1554 252984 253146 377.7
1555 253146 253309 377.75
1556 253309 253472 377.8
1557 253472 253635 377.85
1558 253635 253797 377.9
1559 253797 253960 377.95
1560 253960 254123 378.0
1561 254123 254286 378.05
1562 254286 254448 378.1
1563 254448 254612 378.15
1564 254612 254775 378.2
1565 254775 254937 378.25
1566 254937 255101 378.3
1567 255101 255263 378.35
1568 255263 255426 378.4
1569 255426 255588 378.45
1570 255588 255751 378.5
1571 255751 255913 378.55
1572 255913 256075 378.6
1573 256075 256239 378.65
1574 256239 256402 378.7
1575 256402 256565 378.75
1576 256565 256727 378.8
1577 256727 256891 378.85
1578 256891 257053 378.9
1579 257053 257216 378.95
1580 257216 257379 379.0
1581 257379 257542 379.05
1582 257542 257704 379.1
1583 257704 257867 379.15
1584 257867 258029 379.2
1585 258029 258192 379.25
1586 258192 258354 379.3
1587 258354 258517 379.35
1588 258517 258680 379.4
1589 258680 258842 379.45
1590 258842 259005 379.5
1591 259005 259168 379.55
1592 259168 259331 379.6
1593 259331 259494 379.65
1594 259494 259657 379.7
1595 259657 259820 379.75
1596 259820 259983 379.8
1597 259983 260146 379.85
1598 260146 260309 379.9
1599 260309 260471 379.95
1600 260471 260633 380.0
1601 260633 260797 380.05
1602 260797 260959 380.1
1603 260959 261122 380.15
1604 261122 261285 380.2
1605 261285 261448 380.25
1606 261448 261611 380.3
1607 261611 261773 380.35
1608 261773 261937 380.4
1609 261937 262099 380.45
1610 262099 262262 380.5
1611 262262 262425 380.55
1612 262425 262587 380.6
1613 262587 262750 380.65
1614 262750 262912 380.7
1615 262912 263074 380.75
1616 263074 263238 380.8
1617 263238 263400 380.85
1618 263400 263563 380.9
1619 263563 263726 380.95
1620 263726 263888 381.0
1621 263888 264051 381.05
1622 264051 264214 381.1
1623 264214 264377 381.15
1624 264377 264539 381.2
1625 264539 264701 381.25
1626 264701 264864 381.3
1627 264864 265027 381.35
1628 265027 265189 381.4
1629 265189 265353 381.45
1630 265353 265515 381.5
1631 265515 265678 381.55
1632 265678 265841 381.6
1633 265841 266004 381.65
1634 266004 266166 381.7
1635 266166 266330 381.75
1636 266330 266492 381.8
1637 266492 266655 381.85
1638 266655 266817 381.9
1639 266817 266980 381.95
1640 266980 267143 382.0
1641 267143 267305 382.05
1642 267305 267469 382.1
1643 267469 267632 382.15
1644 267632 267794 382.2
1645 267794 267956 382.25
1646 267956 268119 382.3
1647 268119 268282 382.35
1648 268282 268444 382.4
1649 268444 268607 382.45
1650 268607 268770 382.5
1651 268770 268932 382.55
1652 268932 269095 382.6
1653 269095 269259 382.65
1654 269259 269421 382.7
1655 269421 269584 382.75
1656 269584 269747 382.8
1657 269747 269910 382.85
1658 269910 270073 382.9
1659 270073 270235 382.95
1660 270235 270398 383.0
1661 270398 270560 383.05
1662 270560 270722 383.1
1663 270722 270885 383.15
1664 270885 271048 383.2
1665 271048 271211 383.25
1666 271211 271374 383.3
1667 271374 271537 383.35
1668 271537 271700 383.4
1669 271700 271862 383.45
1670 271862 272024 383.5
1671 272024 272187 383.55
1672 272187 272349 383.6
1673 272349 272512 383.65
1674 272512 272675 383.7
1675 272675 272838 383.75
1676 272838 273000 383.8
1677 273000 273162 383.85
1678 273162 273326 383.9
1679 273326 273488 383.95
1680 273488 273651 384.0
1681 273651 273814 384.05
1682 273814 273976 384.1
1683 273976 274139 384.15
1684 274139 274302 384.2
1685 274302 274465 384.25
1686 274465 274627 384.3
1687 274627 274790 384.35
1688 274790 274953 384.4
1689 274953 275116 384.45
1690 275116 275278 384.5
1691 275278 275441 384.55
1692 275441 275604 384.6
1693 275604 275766 384.65
1694 275766 275928 384.7
1695 275928 276091 384.75
1696 276091 276254 384.8
1697 276254 276416 384.85
1698 276416 276580 384.9
1699 276580 276743 384.95
1700 276743 276905 385.0
1701 276905 277068 385.05
1702 277068 277231 385.1
1703 277231 277394 385.15
1704 277394 277556 385.2
1705 277556 277719 385.25
1706 277719 277883 385.3
1707 277883 278045 385.35
1708 278045 278208 385.4
1709 278208 278370 385.45
1710 278370 278532 385.5
1711 278532 278695 385.55
1712 278695 278858 385.6
1713 278858 279021 385.65
1714 279021 279183 385.7
1715 279183 279346 385.75
1716 279346 279508 385.8
1717 279508 279672 385.85
1718 279672 279834 385.9
1719 279834 279997 385.95
1720 279997 280160 386.0
1721 280160 280323 386.05
1722 280323 280485 386.1
1723 280485 280648 386.15
1724 280648 280810 386.2
1725 280810 280973 386.25
1726 280973 281135 386.3
1727 281135 281298 386.35
1728 281298 281460 386.4
1729 281460 281623 386.45
1730 281623 281786 386.5
1731 281786 281949 386.55
1732 281949 282112 386.6
1733 282112 282274 386.65
1734 282274 282438 386.7
1735 282438 282600 386.75
1736 282600 282762 386.8
1737 282762 282926 386.85
1738 282926 283089 386.9
1739 283089 283251 386.95
1740 283251 283414 387.0
1741 283414 283577 387.05
1742 283577 283739 387.1
1743 283739 283902 387.15
1744 283902 284064 387.2
1745 284064 284227 387.25
1746 284227 284390 387.3
1747 284390 284553 387.35
1748 284553 284716 387.4
1749 284716 284879 387.45
1750 284879 285041 387.5
1751 285041 285206 387.55
1752 285206 285368 387.6
1753 285368 285531 387.65
1754 285531 285695 387.7
1755 285695 285857 387.75
1756 285857 286020 387.8
1757 286020 286182 387.85
1758 286182 286345 387.9
1759 286345 286508 387.95
1760 286508 286670 388.0
1761 286670 286833 388.05
1762 286833 286995 388.1
1763 286995 287158 388.15
1764 287158 287322 388.2
1765 287322 287484 388.25
1766 287484 287647 388.3
1767 287647 287810 388.35
1768 287810 287973 388.4
1769 287973 288135 388.45
1770 288135 288298 388.5
1771 288298 288461 388.55
1772 288461 288624 388.6
1773 288624 288786 388.65
1774 288786 288950 388.7
1775 288950 289112 388.75
1776 289112 289275 388.8
1777 289275 289439 388.85
1778 289439 289601 388.9
1779 289601 289764 388.95
1780 289764 289927 389.0
1781 289927 290090 389.05
1782 290090 290252 389.1
1783 290252 290415 389.15
1784 290415 290578 389.2
1785 290578 290740 389.25
1786 290740 290904 389.3
1787 290904 291066 389.35
1788 291066 291229 389.4
1789 291229 291392 389.45
1790 291392 291555 389.5
1791 291555 291718 389.55
1792 291718 291882 389.6
1793 291882 292044 389.65
1794 292044 292207 389.7
1795 292207 292370 389.75
1796 292370 292532 389.8
1797 292532 292695 389.85
1798 292695 292857 389.9
1799 292857 293021 389.95
1800 293021 293183 390.0
1801 293183 293346 390.05
1802 293346 293508 390.1
1803 293508 293672 390.15
1804 293672 293835 390.2
1805 293835 293997 390.25
1806 293997 294161 390.3
1807 294161 294323 390.35
1808 294323 294486 390.4
1809 294486 294650 390.45
1810 294650 294812 390.5
1811 294812 294975 390.55
1812 294975 295137 390.6
1813 295137 295300 390.65
1814 295300 295462 390.7
1815 295462 295625 390.75
1816 295625 295788 390.8
1817 295788 295951 390.85
1818 295951 296113 390.9
1819 296113 296277 390.95
1820 296277 296440 391.0
1821 296440 296602 391.05
1822 296602 296765 391.1
1823 296765 296928 391.15
1824 296928 297091 391.2
1825 297091 297254 391.25
1826 297254 297417 391.3
1827 297417 297579 391.35
1828 297579 297741 391.4
1829 297741 297904 391.45
1830 297904 298066 391.5
1831 298066 298229 391.55
1832 298229 298392 391.6
1833 298392 298555 391.65
1834 298555 298718 391.7
1835 298718 298880 391.75
1836 298880 299043 391.8
1837 299043 299206 391.85
1838 299206 299369 391.9
1839 299369 299531 391.95
1840 299531 299695 392.0
1841 299695 299858 392.05
1842 299858 300020 392.1
1843 300020 300184 392.15
1844 300184 300346 392.2
1845 300346 300509 392.25
1846 300509 300672 392.3
1847 300672 300835 392.35
1848 300835 300997 392.4
1849 300997 301160 392.45
1850 301160 301323 392.5
1851 301323 301486 392.55
1852 301486 301649 392.6
1853 301649 301811 392.65
1854 301811 301975 392.7
1855 301975 302137 392.75
1856 302137 302300 392.8
1857 302300 302464 392.85
1858 302464 302626 392.9
1859 302626 302789 392.95
1860 302789 302953 393.0
1861 302953 303115 393.05
1862 303115 303278 393.1
1863 303278 303441 393.15
1864 303441 303604 393.2
1865 303604 303766 393.25
1866 303766 303930 393.3
1867 303930 304092 393.35
1868 304092 304255 393.4
1869 304255 304419 393.45
1870 304419 304582 393.5
1871 304582 304744 393.55
1872 304744 304908 393.6
1873 304908 305070 393.65
1874 305070 305233 393.7
1875 305233 305397 393.75
1876 305397 305559 393.8
1877 305559 305722 393.85
1878 305722 305885 393.9
1879 305885 306048 393.95
1880 306048 306210 394.0
1881 306210 306374 394.05
1882 306374 306536 394.1
1883 306536 306699 394.15
1884 306699 306863 394.2
1885 306863 307025 394.25
1886 307025 307188 394.3
1887 307188 307350 394.35
1888 307350 307513 394.4
1889 307513 307675 394.45
1890 307675 307838 394.5
1891 307838 308000 394.55
1892 308000 308163 394.6
1893 308163 308326 394.65
1894 308326 308488 394.7
1895 308488 308652 394.75
1896 308652 308815 394.8
1897 308815 308977 394.85
1898 308977 309141 394.9
1899 309141 309304 394.95
1900 309304 309466 395.0
1901 309466 309630 395.05
1902 309630 309792 395.1
1903 309792 309955 395.15
1904 309955 310117 395.2
1905 310117 310280 395.25
1906 310280 310442 395.3
1907 310442 310605 395.35
1908 310605 310768 395.4
1909 310768 310931 395.45
1910 310931 311094 395.5
1911 311094 311257 395.55
1912 311257 311420 395.6
1913 311420 311582 395.65
1914 311582 311745 395.7
1915 311745 311908 395.75
1916 311908 312071 395.8
1917 312071 312233 395.85
1918 312233 312397 395.9
1919 312397 312559 395.95
1920 312559 312722 396.0
1921 312722 312885 396.05
1922 312885 313047 396.1
1923 313047 313210 396.15
1924 313210 313373 396.2
1925 313373 313535 396.25
1926 313535 313698 396.3
1927 313698 313860 396.35
1928 313860 314023 396.4
1929 314023 314186 396.45
1930 314186 314349 396.5
1931 314349 314511 396.55
1932 314511 314675 396.6
1933 314675 314837 396.65
1934 314837 315000 396.7
1935 315000 315164 396.75
1936 315164 315326 396.8
1937 315326 315489 396.85
1938 315489 315652 396.9
1939 315652 315814 396.95
1940 315814 315977 397.0
1941 315977 316141 397.05
1942 316141 316303 397.1
1943 316303 316466 397.15
1944 316466 316630 397.2
1945 316630 316792 397.25
1946 316792 316955 397.3
1947 316955 317118 397.35
1948 317118 317280 397.4
1949 317280 317443 397.45
1950 317443 317606 397.5
1951 317606 317769 397.55
1952 317769 317932 397.6
1953 317932 318094 397.65
1954 318094 318257 397.7
1955 318257 318420 397.75
1956 318420 318583 397.8
1957 318583 318745 397.85
1958 318745 318909 397.9
1959 318909 319071 397.95
1960 319071 319234 398.0
1961 319234 319397 398.05
1962 319397 319560 398.1
1963 319560 319722 398.15
1964 319722 319885 398.2
1965 319885 320047 398.25
1966 320047 320210 398.3
1967 320210 320373 398.35
1968 320373 320536 398.4
1969 320536 320699 398.45
1970 320699 320862 398.5
1971 320862 321024 398.55
1972 321024 321188 398.6
1973 321188 321350 398.65
1974 321350 321513 398.7
1975 321513 321676 398.75
1976 321676 321839 398.8
1977 321839 322002 398.85
1978 322002 322165 398.9
1979 322165 322328 398.95
1980 322328 322490 399.0
1981 322490 322654 399.05
1982 322654 322816 399.1
1983 322816 322979 399.15
1984 322979 323141 399.2
1985 323141 323305 399.25
1986 323305 323467 399.3
1987 323467 323630 399.35
1988 323630 323793 399.4
1989 323793 323956 399.45
1990 323956 324119 399.5
1991 324119 324281 399.55
1992 324281 324444 399.6
1993 324444 324607 399.65
1994 324607 324769 399.7
1995 324769 324932 399.75
1996 324932 325094 399.8
1997 325094 325257 399.85
1998 325257 325420 399.9
