# slice# size index_from index_to ts_from ts_to
0 512 986 1498 6.20361852646 9.41850423813
1 512 1781 2293 11.2052395344 14.4202151299
2 512 2575 3087 16.2008259296 19.4158153534
3 512 3370 3882 21.2026166916 24.4175870419
4 512 4165 4677 26.2043831348 29.419295311
5 512 4960 5472 31.2060365677 34.4211723804
6 512 5754 6266 36.2015821934 39.4166138172
7 512 6549 7061 41.2032899857 44.4183857441
8 512 7344 7856 46.2051796913 49.4201555252
9 512 8138 8650 51.2005426884 54.4155201912
10 512 8933 9445 56.2023117542 59.4173269272
11 512 9728 10240 61.204123497 64.4192121029
